31.5
29.8
39.8
29.7
32.9
30.1
30.0
31.7
40.3
28.9
31.0
29.4
30.4
29.9
33.3
43.6
34.7
34.0
33.6
31.0
30.4
31.5
28.9
47.5
32.7
30.6
28.8
30.0
29.9
31.9
32.0
38.1
30.1
42.9
37.7
33.3
33.8
30.8
30.5
30.9
30.9
29.7
29.6
31.5
30.0
28.9
49.2
38.6
33.2
33.0
31.8
31.4
31.5
33.8
30.6
32.2
30.9
28.0
30.6
31.7
30.0
33.2
46.8
31.6
33.4
32.0
30.9
31.0
30.5
30.0
31.8
29.3
29.2
31.6
29.9
31.4
31.4
28.8
30.7
30.3
30.4
41.9
44.7
47.3
34.2
31.4
29.9
29.4
30.0
31.0
34.0
29.2
31.2
30.4
29.0
30.3
32.4
30.0
31.1
30.7
29.9
28.9
37.2
31.0
36.2
46.0
