2.9513020392246454
3.1082715237266174
3.2457429166781555
3.385971615505513
3.5051266194248263
3.6416132602778575
3.760177412938067
3.9137987403051153
4.069586522288879
4.197998195934156
4.3258190183203284
4.467426370085595
4.6425152932000895
4.753595329911648
4.879249697681106
4.9970260486625095
5.135285243292854
5.298360190805567
5.416530442626373
5.560895100267459
5.677686699150356
5.7997959593651895
5.943175864907769
6.125551953551213
6.24510085830993
6.364452812648944
6.504878461896002
6.61438289524995
6.745157973931643
6.900551855076004
7.073671273993484
7.23556451898799
7.421288764766358
7.580424703885044
7.746256957273576
7.87289607714154
8.001307750786816
8.109827432042257
8.247101874574096
8.379649507033099
8.538588495732084
8.717025575981502
8.935443591430294
9.04770533066006
9.181828566476675
9.312603645158369
9.457756104478259
9.580259265532495
9.739986055910284
9.849687439683933
9.967266840245637
10.100602274383446
10.291053330234647
10.440538698787966
10.583721653910844
10.704255310768067
10.825576769304096
10.943353120285499
11.144833399639975
11.239172650676919
11.366402621803987
11.495208196288665
11.637209448893335
11.777044246881289
11.923378408719389
12.070500372236294
12.20048764923918
12.34111024890594
12.480551146054491
12.573511744153526
12.743086055516384
12.864013613213011
12.99734904735082
13.14644051506474
13.264610766885543
13.404445564873498
13.549991925032792
13.699280343166413
13.800906759732303
13.98919136096679
14.096332389284322
14.20307951676245
14.335824099641156
14.439420020404064
14.580042620070824
14.661383143407477
14.864439026119564
15.034407238321826
15.215798574866762
15.369813803073216
15.492907815386555
15.642393183939877
15.8070437348102
15.908473200956392
16.057170767830904
16.181840383501857
16.339794620102335
16.45638926856553
16.585588743889613
16.69351757388595
16.81227867696586
16.96629390517231
17.131141406462337
17.247933005345235
17.36196729835231
17.490182021577887
17.63533448089778
17.79545517211497
17.804908792260637
17.998511054827055
18.199400482922428
18.39418444800706
18.545442370337692
18.686852771683256
18.843231404926126
18.931465192952327
19.077996305210128
19.238313946847022
19.361801859999765
19.50183360840742
19.661166497945807
19.785048311937953
19.9093240267695
20.040296055870897
20.16575347322065
20.309921180442036
20.42730363058404
20.55492750255051
20.70756407781905
20.806630138928824
20.918891878158593
21.053409014814612
21.21471140855001
21.348046842687822
21.469762202063254
21.600734231164648
21.70807220990188
21.837468635645664
21.92491462199306
22.076763395582795
22.284349137948013
22.480117855131148
22.660524439577582
22.81414576694463
22.939603184294384
23.062697196607726
23.22124228446731
23.371712405119137
23.48082293763368
23.632868661643116
23.81642645280477
23.9235674811223
24.051191353088775
24.193586506532846
24.31746832052499
24.45395496137802
24.560111237597045
24.703294192719923
24.84352289154728
24.97488882148808
