2.6107747635610212
2.6460288886875616
2.6686781869532163
2.688373228923351
2.7208700481740724
2.740565090144207
2.7687290001614993
2.8026044723501307
2.822299514320265
2.8496756226587516
2.8825663427488766
2.902261384719011
2.928652740958991
2.9491355846079306
2.981435453438951
3.007235958419827
3.0277188020687675
3.060215621319489
3.086606977559469
3.1063020195296036
3.1391927396197286
3.1661749471188125
3.185869989088947
3.2181698579199667
3.2453490158387526
3.265044057808887
3.2973439266399076
3.324326134138992
3.3440211761091265
3.3698216810900026
3.4019245995013216
3.4279220549018987
3.455495113660087
3.4818864699000676
3.501975412709604
3.5216704546797386
3.554364224350162
3.5809525310098436
3.6008445233996795
3.633538293070102
3.660126599729784
3.680215542539321
3.713106262629445
3.7396945692891275
3.7593896112592615
3.791886430509983
3.804885158210272
3.843881341311138
3.856880069011427
3.8828775244120046
3.9169499470203375
3.9366449889904715
3.968944857821492
3.9949423132220696
4.020939768622648
4.048118926541433
4.0756919852996205
4.088493762580208
4.1144912179807855
4.147578888490611
4.174561095989696
4.200361600970572
4.226949907630253
4.253538214289935
4.2734302066797705
4.30553312509109
4.332121431750771
4.3518164737209055
4.384510243391328
4.411295500470711
4.4307935920211445
4.463881262530971
4.4833793540814035
4.510558512000189
4.530253553970324
4.5629473236407465
4.582839316030583
4.609624573109965
4.642121392360687
4.6681188477612645
4.694116303161842
4.72168936192003
4.7474898669009065
4.767184908871041
4.7866830004214735
4.819573720511598
4.846358977590981
4.8660540195611155
4.898747789231539
4.925533046310922
4.9456219891204585
4.977921857951479
5.004904065450563
5.024796057840399
5.057292877091121
5.0765940182218525
5.103773176140638
5.13626999539136
5.162267450791937
5.182553344021176
5.205990443965637
5.239078114475462
5.251879891756049
5.277877347156626
5.311358918505856
5.337750274745836
5.358233118394775
5.3911238384849
5.410424979615631
5.437013286275313
