2.779955174084476
2.848690870560245
2.9310161459954074
3.0042817021243073
3.062382075936204
3.1559335252943423
3.214427799945642
3.3127060593766124
3.385971615505513
3.4332397162338353
3.49843030515498
3.5746501175794005
3.649885177905314
3.7138940643082514
3.7942498355464
3.8590465236281415
3.937432790669277
3.985882593915808
4.069586522288879
4.140488673381363
4.20154330348878
4.288989289836176
4.362845697224181
4.420749120616376
4.496771982621095
4.565113778257461
4.64980245872904
4.703372972887805
4.784910446644162
4.8636906145247
4.927108649668533
5.019872297347865
5.100031118166313
5.173296674295213
5.23297265146472
5.323569844527339
5.386003127572665
5.454738824048435
5.514611751637643
5.567591414537305
5.649128888293661
5.7353931721228495
5.8265812164445725
5.909891243978241
5.989459213537584
6.0507107940647025
6.125355003131512
6.18660658365863
6.238404544040083
6.319154216117634
6.404236797428616
6.4591859645252905
6.559039827313871
6.640380350650527
6.692375261451682
6.770170677233713
6.831028356921428
6.9078390206049525
6.985437485967283
7.085685249595267
7.149694135998204
7.216460328276959
7.3017398600076415
7.381504779986686
7.467572113396173
7.548912636732828
7.631828763427095
7.715335741380465
7.798645768914134
7.874668630918852
7.944389079493129
8.012730875129495
8.09111714217063
8.161625392423712
8.249662230030212
8.322730835739412
8.41175242544442
8.482063725277799
8.547057363779242
8.621898523265752
8.720176782696724
8.796396595121145
8.86178413446199
8.947654517451777
9.023283478617094
9.087095414600329
9.174147500108324
9.228899716785296
9.32757187705567
9.411078855009041
9.49596448590032
9.55918557062445
9.62358835786679
9.706307534141354
9.79335961964935
9.860519712767509
9.928467607564471
10.015125792233064
10.088982199621068
10.167565417081905
10.22862004718932
10.30483985961374
10.385983432530695
10.448219765156319
10.51281950281836
10.59337222447621
10.661910970532277
10.726904609033722
10.788747040819944
10.863391249886753
10.97132007988309
11.040843578037665
