52.0
50.8
45.9
47.0
52.9
50.0
45.0
49.0
46.9
49.5
48.9
46.0
55.9
49.0
47.9
50.0
38.9
46.0
56.0
49.0
51.0
50.0
49.0
50.0
50.7
51.9
44.0
45.0
65.9
48.0
50.9
53.0
53.0
51.0
47.9
54.0
49.0
55.9
55.0
53.0
72.0
53.9
49.0
49.0
50.0
52.0
53.0
52.9
51.0
49.0
45.9
51.0
49.0
50.0
50.0
65.9
48.0
48.0
51.9
43.9
52.8
51.0
49.9
49.0
57.0
47.9
46.0
49.9
56.0
48.0
52.0
46.0
49.5
69.0
50.0
47.0
54.0
48.0
45.9
48.0
47.0
41.0
44.0
54.0
46.0
48.0
51.0
46.0
47.9
44.9
54.0
55.0
50.9
51.8
46.9
49.0
47.0
80.0
54.0
52.0
47.0
48.9
53.0
