2334
12701
18136
2621
11032
20270
1928
11796
20162
2675
13965
1845
2132
10517
2658
2728
3072
1863
8550
2924
3428
15366
18132
19066
23474
15710
4117
26228
18854
1761
8356
1868
1910
14036
19848
3183
6954
24868
11333
16659
16109
2191
11684
4940
2215
5715
20649
1438
15018
2066
2615
11362
7572
1864
6538
3237
3850
12520
6844
2731
9229
12137
2716
8752
41218
26290
35406
38123
21059
1610
7423
7390
2433
11690
10120
1991
1644
2171
2138
9847
1973
2491
6789
5401
12506
2447
2381
3510
3077
2223
2132
3648
2751
1670
9115
2071
6714
9857
2053
7495
5733
2111
5377
4805
1539
15799
2564
2733
11947
7174
10843
19126
11038
17399
34507
16653
11800
6792
25344
10370
19869
23647
7953
24831
15937
1896
9597
18685
2149
12188
17526
2466
1744
17352
2170
7324
20592
3583
9466
30997
7283
19036
31462
6827
21915
32641
13196
20264
30431
2180
8509
17336
1759
1557
7167
2531
2006
12827
2335
2607
4826
2387
3316
13434
25491
23901
9197
19324
6507
13761
3377
26542
34530
22143
14320
25649
14642
21746
34425
5746
25878
28134
5507
25812
39376
6993
7554
23817
5584
15109
20800
2745
7374
8628
5111
6416
21678
9843
26484
35359
9408
11945
15839
4942
19385
16882
1986
11590
13496
4179
10064
25523
4087
15328
27573
2223
17966
28448
1980
16970
27994
8281
10596
27614
11658
10418
19330
9936
19102
35631
17112
8183
35865
25600
25160
34571
22985
15310
13939
5429
7520
15137
8508
19768
25959
2506
6996
16942
5879
17048
42839
27382
37224
40362
5185
21636
23490
12896
15373
33525
3960
6831
21128
5071
16167
30146
17011
24217
26934
3610
7384
29764
7993
2375
16542
6461
39813
36705
2401
5686
33906
22552
15328
22554
11263
6155
11162
6981
3363
13193
14191
4828
17498
9770
5264
10278
7979
2327
8112
6648
2751
12806
29520
1537
8584
19853
2394
6244
19834
2708
11444
30398
1762
4760
22765
1696
7382
28996
5848
22090
31135
6090
16500
22885
3395
9278
33467
1827
21103
27371
5516
10759
20352
8018
24838
50099
26065
27954
24668
8091
7904
25340
1969
7915
16353
1416
9424
16600
2183
18912
34069
3525
15892
25534
7542
15821
14346
5452
8495
22805
9228
13557
40044
13878
10381
25760
7171
9697
9473
3313
14436
14209
2084
2740
7846
1765
9571
10896
1439
11025
2424
2003
5407
4167
5186
8989
8369
4038
31217
21503
13530
20539
15155
1855
16373
2443
1896
18382
1769
3224
5430
1874
12505
13264
5299
12789
19127
5569
12644
16351
2663
4712
2288
2548
21460
13177
1967
6193
5484
2703
3834
1996
2840
18117
19289
5033
5761
8561
1657
13168
11822
4808
7207
12318
3376
13567
12388
1458
11806
6298
6586
20499
41754
64033
64463
64853
66191
60148
63903
47674
48000
28450
1704
9954
3387
4137
9128
3801
2960
6214
9155
2176
9896
2558
2722
9964
8366
3780
12655
5865
2393
11629
2541
2296
21797
29143
15042
21173
6820
2015
8527
4011
22903
20337
11355
11902
7008
4787
16887
6749
5515
17096
3189
2051
9382
1891
4035
15143
19945
9519
26991
34221
9745
30086
33942
13183
24435
31253
5388
33944
42183
25282
28593
34206
23778
14804
16615
6450
5929
13630
12177
2919
16172
8997
9406
13509
2112
6421
20649
2475
1495
13657
2222
13883
25494
1436
22814
24062
6611
7351
16869
1993
1903
23990
1623
4880
26662
10814
16688
23178
2214
9528
5542
9734
21166
6776
3226
10095
5599
5217
10901
21118
13086
9652
12298
2692
17157
24029
21432
10128
18171
17971
18071
24890
27467
20772
5410
23225
13327
5145
15516
2366
2676
11969
4836
6424
1712
5994
3706
2551
6729
7035
6043
7736
2002
1637
2541
2167
2395
3137
24428
10627
3182
16552
6108
12849
12102
14965
9281
18115
9846
12278
5932
9093
15336
15781
14047
14836
11448
2637
2040
6012
3669
3816
29964
16398
10670
17936
11083
26001
29713
15653
25674
39378
15152
3366
12516
2191
2434
5859
4119
8272
14515
2235
2757
18734
3254
5072
2360
2556
8378
10378
4590
6305
5436
2037
4237
10187
5804
15405
34147
29262
29653
19260
26493
22980
31683
19699
13786
23566
36422
30388
12433
2641
8918
1866
2423
18882
2057
2733
15411
4995
5308
4962
3673
15364
2283
4848
5410
1828
14079
10880
2579
11942
4389
1737
14761
6736
5932
4550
1975
5552
4928
9212
30151
18722
23184
23258
28408
2489
13166
10045
3834
26692
32692
18054
14307
18408
5154
17022
29239
2377
5396
28072
2382
15691
26598
2566
9249
15069
2482
10541
14718
5198
16322
17286
3997
15353
37661
9506
22598
45568
3735
8660
28670
5045
7375
15798
1688
2009
18891
2900
2070
10681
8846
12024
8623
1581
9232
12102
3977
6914
2650
8523
10341
4093
2390
6624
17215
5197
15938
13532
7095
2385
11172
3790
7614
20378
1613
2530
15395
6131
13711
22949
2709
2620
16267
4998
4230
11811
14524
7182
6998
18963
1505
19176
5515
1482
12122
2242
5863
13036
3653
12386
13107
1977
10929
12880
3199
12691
28683
4224
10112
23532
3734
14808
22657
4969
17762
11313
2869
8850
21182
11822
29697
54054
36066
27288
33245
16074
17414
30710
1915
31915
36989
3899
22589
27070
5621
6424
9466
2195
5711
21564
9343
12000
8860
3856
1554
10663
1682
5166
18718
7344
1763
18719
2077
1849
2135
2967
2238
15718
4772
2140
10026
1799
2665
18845
6420
6605
6509
2267
4103
9268
2870
4756
19460
7717
1613
7057
9328
2596
6853
16369
19013
15668
20359
2010
5541
13009
4178
2857
9616
3018
3605
11834
17012
5091
14957
18390
6405
24193
2593
3090
8417
1673
4047
25084
1860
4640
20157
2814
2500
19496
9796
2233
1651
9710
1900
7808
4808
2593
3611
6138
2596
4938
4114
13272
