2635
11979
16176
1849
14558
6898
3078
15399
14484
1454
14077
20097
1457
11652
19171
1618
7609
16560
2846
15871
11557
1037
8781
5193
1561
17080
6411
1968
12054
996
1844
2904
1327
1762
1712
1599
12800
18700
1974
12876
18212
2531
8659
18138
1230
10374
9499
1827
1401
10141
1429
1953
12333
1337
1696
1101
1541
1188
13088
5235
1611
10936
5002
2174
1786
2385
1567
1560
6236
1278
1757
1535
1844
5132
2083
1517
2306
13133
1900
1871
1592
1771
1614
1089
1591
2160
1832
2092
12104
1382
2319
2253
12128
2317
13321
20663
1370
9916
16589
1761
1454
14790
1859
2370
8942
1220
7922
13865
1624
12099
20660
1937
11121
16265
2070
13607
15686
1798
10838
2030
1884
9642
6884
1585
13772
3087
1378
1884
4315
1888
1497
10883
2546
1211
10090
1721
1424
9131
1695
1475
10198
1169
1470
8234
1578
1394
10045
2452
1733
10459
1479
2340
11024
1497
1993
1153
1784
2501
2003
2399
2216
2138
5361
2047
2107
12615
1170
1706
9359
13293
1699
1064
9879
1995
1718
13334
1545
2164
9424
2434
1504
10704
2038
1307
1431
2091
1543
2486
1839
1735
1283
1385
1900
1816
1537
13551
2131
1693
4851
1568
2152
12229
7580
2613
6049
2022
1856
1151
1842
2195
1577
1827
2224
1921
1848
1409
2108
1943
1833
1259
7432
2108
1497
1576
1617
1223
8967
1812
1433
11931
10174
1974
13593
1390
1438
2108
1675
1058
2724
2374
1989
2069
1805
1951
1670
1449
1507
1556
1354
11816
8595
1508
12843
15477
2161
8836
19160
1551
10263
1310
1642
3272
1761
1810
7785
2010
1496
8135
1459
2109
1766
1600
8797
1410
1752
2102
3534
1180
1963
4437
1506
2211
1161
1515
1688
2013
1863
1347
1151
10319
1447
1424
2340
2106
1415
11863
1278
1658
16459
13228
1720
3828
12177
1095
10086
18321
1756
12004
1817
1771
11926
8860
1316
10662
1554
1700
5600
1461
1266
1884
1503
1789
2097
2100
3432
1644
14326
11762
1209
12316
5849
1854
11812
3361
1588
7021
1789
1874
15941
2195
2245
10550
1311
10418
21126
2007
12014
17661
2516
12185
1715
2319
12314
1629
2557
1512
9004
2421
954
2153
2118
1953
5210
2255
1168
2120
1621
1331
1838
2156
1704
1245
7323
2144
2838
3223
1586
2465
1701
1944
1202
1981
1983
11516
6756
1321
1346
1978
1582
1937
1667
1683
1971
11010
1707
1856
11413
1608
1298
1484
1808
1842
2011
12772
1652
2045
8212
1736
1644
3981
1669
2193
12935
2556
15153
24053
2237
10905
4944
1992
1438
11766
2033
1085
11318
1614
1624
11189
1743
2054
11129
1465
1757
8415
1997
2673
10053
2235
2171
13335
1239
2333
5996
2016
2134
1556
1868
13908
2009
1994
6993
1604
3232
7430
8227
2646
6122
1348
1951
2152
1686
1638
1929
11816
2084
2637
18864
1975
2405
2120
1156
2073
2448
1981
1791
1223
1588
2412
1305
7352
1404
14563
19627
1562
19916
26914
1514
1087
11060
1185
3929
1745
1692
1892
1481
1831
4550
1678
3603
1824
1835
1706
1679
1439
2080
1023
2550
1712
1184
3398
1775
1627
2377
1727
2374
13117
1844
2385
10663
1651
1201
10560
1279
1498
13647
1456
1446
1123
1920
2585
1586
