0 0
0 0
0 0
0 0
8 10
132 114
247 228
361 331
472 446
587 548
699 679
818 789
946 915
1077 1041
1203 1149
1323 1265
1461 1397
1589 1537
1720 1674
1846 1819
2008 1943
2156 2086
2314 2233
2467 2379
2628 2521
2803 2651
2978 2785
3160 2905
3390 3014
3613 3125
3799 3246
4024 3355
4257 3462
4508 3564
4761 3666
5036 3767
5304 3858
5587 3939
5871 4024
6192 4085
6502 4141
6842 4187
7198 4235
7559 4264
7937 4298
8350 4322
8762 4333
9188 4340
9642 4340
10086 4340
10564 4340
11048 4340
11521 4340
12023 4340
12490 4340
13000 4340
13509 4340
14001 4340
