2.9068931348387874
3.04676126480189
3.1958882709738172
3.315465672223963
3.4549398074547746
3.621205584481336
3.7510268487710317
3.9009418444075408
4.035491045484721
4.195846901526926
4.330396102604108
4.481690079803633
4.608753380967297
4.743302582044477
4.891247604019535
5.015158947324874
5.146359193177587
5.282484373183931
5.404819737560109
5.554537735830472
5.688101950076928
5.81437726177601
5.956215365400565
6.0905675691116015
6.252696401449112
6.398868447128862
6.533417648206044
6.6565410020468025
6.784195295308902
6.928200369961053
7.06590152889656
7.197101774749272
7.333423952121761
7.464033205876038
7.592869483335008
7.729388658073641
7.845223109367028
7.990213170849906
8.132642266572896
8.267585462382367
8.408438579176195
8.546533732843992
8.686401862807095
8.800069343072883
8.938558491472968
9.076259650408474
9.227750624974144
9.331174242200383
9.480892240470745
9.631595225571834
9.763977455621418
9.880205901647095
10.063216454795999
10.18338484814458
10.323252978107684
10.458196173917154
10.589593417136014
10.748373294249056
10.874845603314284
10.979451204737392
11.132124163499935
11.271598298730746
11.390978702614746
11.553501529684548
11.672093944103967
11.824766902866509
11.955376156620785
12.083030449882886
12.19315197755806
12.322185252383177
12.458113435023375
12.590298667706811
12.735091731823545
12.865306990845532
13.005569115540924
13.131253435141572
13.266984620415625
13.415914629221406
13.527218141093453
13.679103110391413
13.812470327271726
13.962582320274377
14.092797579296365
14.240545603905275
14.392233575837091
14.51200797445338
14.664680933215923
14.802382092151428
14.914867588220346
15.060251644435512
15.221198492576155
15.344518843783058
15.481629010620129
15.630756016792056
15.76313824684164
15.907931310958373
16.016870854436675
16.163042900116427
16.304881003740977
16.439627202184308
16.570827448037022
16.716605498984478
16.862974542030372
17.01013157454085
17.139558844098254
17.278244989864486
17.4155521540677
17.57157406805471
17.683665569391337
17.88401189076102
17.996497386829937
18.147594366663316
18.263822812688996
18.42004172404215
18.546120038375086
18.700171978700645
18.843980055986652
18.990743093764838
19.09318172416035
19.267327395832716
19.397936649586995
19.549821618884955
19.676293927950184
19.80020527125552
19.95307522738421
20.098065288867087
20.220794647975556
20.374058598836534
20.50959278674444
20.643157000990897
20.77888818626495
20.881129819294316
21.007602128359544
21.13624140845237
21.280443480470666
21.44454228646963
21.577318511251505
21.670301268072045
21.821004253173136
21.978208151357016
22.09207262898895
22.219135930152614
22.37358186521046
22.51108602677982
22.649969169912197
22.7837303815248
22.92202253255874
23.050070820553128
23.178316105913662
23.31641125958146
23.445444534406576
23.572901830302527
23.707451031379712
23.84081824826002
23.981868362419995
24.110507642512818
24.259043656586314
24.395168836592653
24.53937090861095
24.69480183049953
24.84294384984073
