3.0125536197517637
3.1047264161719927
3.200444320146846
3.3018737862930387
3.4017276490816197
3.496460800957967
3.6183731107530988
3.694592923177519
3.8109906212210136
3.8866195823863303
3.994351461962965
4.041225661851885
4.137731367505544
4.227146858049954
4.3262129191597305
4.403220533262956
4.531632206908233
4.631879970536217
4.719719857723017
4.823315778485924
4.930456806803455
4.9582268159813445
5.07324586108693
5.09372870473587
5.189643559130425
5.293436430313033
5.348976448668812
5.434059029979793
5.531549487731959
5.586301704408933
5.673550740336627
5.659764210957534
5.716879832670924
5.807477025733542
5.891968755785419
5.976066584997892
6.016047520197266
6.053665050360222
6.133036069499864
6.226390568438302
6.323290174931364
6.426098294015464
6.523982652607033
6.631320631344266
6.671498516963339
6.671498516963339
6.715812361396142
6.8278771502062074
6.831816158600235
6.929897467611504
7.005920329616222
7.115818663809573
7.196371385467422
7.301149008748538
7.394700458106676
7.470526369691694
7.584166761859369
7.650342102879021
7.7366063867082095
7.824840174734413
7.824840174734413
7.824840174734413
7.912286161081809
7.9987473953307
8.124401763100158
8.223467824209933
8.3211552323818
8.427902359859928
8.528347073907614
8.582508439325483
8.71229876590867
8.821212348003513
8.891523647836893
9.006148792103076
9.11506237419792
9.205068716001435
9.322451166143434
9.415608714662172
9.415608714662172
9.415608714662172
9.505418106045983
9.628512118359325
9.726593427370593
9.804388843152624
9.913105474827768
10.02792756951365
10.110646745788216
10.223499336277085
10.309369719266872
10.433251533259018
10.512622552398659
10.58588810852756
10.717450988888057
10.835818191128565
10.910462400195374
11.022527189005439
11.124350555991034
11.231688534728267
11.30810529757239
11.392597027624266
11.392597027624266
11.392597027624266
11.47551315431853
11.540506792819976
11.641542358126765
11.76089431246578
11.844992141678254
11.969661757349206
12.065379661324057
12.12426783681476
12.243225890314372
12.370849762280843
12.439782409176313
12.564255074427564
12.694636252269852
12.755100031118166
12.858499001461372
12.923886540802219
13.017241039740657
13.105277877347158
13.213600608182896
13.294153329840746
