2.702015874047764
2.741415347276807
2.7936196493052887
2.8529158565149983
2.893694311307058
2.9403826870834737
2.9927839864781007
3.0396693596206616
3.0794628275819953
3.138759034791705
3.178552502753038
3.218542968080517
3.2774451805579354
3.317041651153124
3.356638121748312
3.4088424237767945
3.4555307995532103
3.4949302727822524
3.5467405800784446
3.5934289558548604
3.6462242499817776
3.6919276389274676
3.732509096353382
3.7914113088308006
3.836917700410346
3.8838030735529063
3.9302944519631775
3.982498753991659
4.022489219319138
4.074496523981475
4.114289991942808
4.167873275534307
4.2066817566649135
4.259477050791831
4.305771431835956
4.364870641679521
4.404664109640854
4.456474416937046
4.496267884898379
4.54275926330865
4.595357560069422
4.6416519411135475
4.687749324791528
4.734043705835653
4.780732081612069
4.832936383640551
4.879624759416966
4.931829061445449
4.978714434588009
5.017719913084762
5.069924215113244
5.109126690976142
5.156209061484848
5.208216366147185
5.2545107471913095
5.2941072177864985
5.346705514547271
5.39280289822525
5.445401194986023
5.4855886576796475
5.526367112471706
5.572464496149687
5.618167885095376
5.664659263505647
5.710559649817482
5.76374893867669
5.8155592459728815
5.862050624383152
5.907360018596551
5.953063407542241
5.999751783318657
6.039348253913845
6.0988414584897
6.138240931718743
6.197537138928452
6.237330606889786
6.290125901016704
6.3368142767931195
6.3762137500221625
6.4156132232512055
6.468802512110414
6.5147028984222475
6.5673011951830205
6.606306673679772
6.665799878255628
6.70480535675238
6.749720756233489
6.797197121474485
6.8505834076998395
6.895892801913238
6.942581177689654
6.988284566635344
7.041079860762261
7.088359228637113
7.140563530665594
7.1801600012607825
7.226454382304909
7.27944667379797
7.325544057475951
7.377748359504434
7.4240427405485585
7.4634422137776015
7.5160405105383745
7.562137894216354
7.601931362177687
7.653938666840024
7.70062704261644
7.740026515845483
7.79242781524011
7.831433293736863
7.879500651076294
7.931507955738631
7.977999334148903
8.03040063354353
8.07610402248922
8.115897490450552
8.16790479511289
8.21439617352316
8.253204654653768
8.299105040965603
8.33870151156079
8.392284795152289
8.444883091913061
8.491177472957187
8.543381774985669
8.582978245580856
8.622968710908335
8.66886909722017
8.722058386079379
8.761654856674566
8.808146235084836
8.853455629298237
8.906644918157443
8.958652222819781
8.998445690781114
9.044543074459096
9.084139545054283
9.13614684971662
9.182835225493037
9.222234698722078
9.267544092935477
9.321127376526976
9.361117841854455
9.41351914124908
9.460601511757789
9.519700721601353
9.559100194830396
9.611304496858878
9.658189870001438
9.703696261580982
9.75688555044019
9.796285023669233
9.84829232833157
9.907391538175135
9.940290098321386
9.986584479365511
10.033272855141927
10.09079608605633
10.131968535580679
10.19165873752268
10.237165129102225
10.290945410059868
10.34275571735606
10.389641090498621
10.429040563727662
10.488139773571227
10.54152605979658
10.588017438206851
10.640615734967623
10.686516121279459
10.73911441804023
10.7856057964505
10.838401090577419
10.884695471621544
10.924094944850587
10.983391152060298
11.022987622655485
11.075979914148547
11.122668289924963
11.162067763154008
11.220969975631427
11.26036944886047
11.312967745621242
11.359262126665365
11.398661599894409
11.45086590192289
11.497357280333162
11.549167587629354
11.59624995813806
11.635846428733247
11.695339633309104
11.734542109172
11.786943408566627
11.833631784343043
11.879532170654878
11.932721459514086
11.984531766810278
12.031220142586694
12.083818439347466
12.130112820391592
12.18901503286901
12.22900549819649
12.281012802858825
12.327701178635241
12.386603391112661
12.426790853806285
12.478601161102477
12.525486534245037
12.577493838907374
12.62457620941608
12.67638651671227
12.716967974138186
12.763065357816167
12.81566365457694
12.854866130439834
12.901751503582398
12.960456718693672
13.000250186655006
13.05225749131734
13.098551872361467
13.15115016912224
13.19724755280022
13.23664702602926
13.289245322790034
13.342040616916954
13.388531995327222
13.434826376371348
13.488015665230558
13.534113048908536
13.573709519503725
13.632414734614997
13.67220820257633
13.711804673171521
13.77110088038123
13.823305182409712
13.869599563453836
13.909196034049023
