2.5834234596283445
2.6070631435657705
2.6133670592824174
2.6287328538417443
2.6435076563026354
2.656312485102074
2.6582824587635265
2.672860263858272
2.6878320636853084
2.7026068661461995
2.715411694945639
2.7169876738748004
2.731565478969546
2.7457492893320015
2.7605240917928926
2.773328920592332
2.786330746757916
2.789285707250094
2.804060509710985
2.8186383148057312
2.833216119900477
2.847990922361368
2.862568727456114
2.862568727456114
2.8769495351847145
2.8917243376456057
2.906105145374206
2.9204859531028067
2.9204859531028067
2.9348667608314076
2.9494445659261537
2.964219368387045
2.9786001761156453
2.9786001761156453
2.993177981210391
3.007755786305137
3.022333591399883
3.035138420199322
3.036911396494629
3.05168619895552
3.0660670066841207
3.080447814412721
3.0950256195074672
3.107830448306906
3.109406427236068
3.123984232330814
3.1383650400594147
3.151169868858853
3.1531398425203054
3.167323652882761
3.181901457977507
3.196479263072253
3.210663073434708
3.2234679022341473
3.236469728399731
3.236469728399731
3.2622763833647546
3.269171291179837
3.283946093640728
3.2983269013693284
3.3111317301687677
3.3127077090979293
3.3255125378973682
3.342060316653566
3.356244127016022
3.370821932110768
3.3836267609102064
3.396628587075791
3.3995835475679694
3.41435835002886
3.427163178828299
3.443710957584497
3.443710957584497
3.4580917653130974
3.4722755756755532
3.4870503781364444
3.501825180597335
3.5146300093967744
3.530980790786827
3.5451646011492826
