1624
1686
2055
2374
2441
1953
3258
2849
2724
2150
2113
1942
2097
1857
3020
2063
2710
2187
1595
2692
2297
2965
2318
2821
2261
2709
1948
2401
1857
2577
2069
1910
3430
2264
3123
2631
1863
2167
3694
3397
1919
2369
2295
3455
2796
2554
1853
2307
1828
2589
3031
2250
2094
3681
1872
3694
1973
2416
2108
2064
2057
2764
2633
2159
2111
2400
2223
2437
2176
2210
2000
2940
2441
2469
2964
2332
2921
2161
2704
2097
1887
3585
2543
1986
2363
2251
1661
1671
1988
1955
2003
2123
1959
3058
2928
2373
2166
2572
1765
1685
1991
1940
1982
3066
2507
1920
1873
2456
3013
2560
2236
2808
2858
2138
2098
2893
3424
2915
1964
1795
2456
2196
1746
2576
2843
1915
2134
2667
3144
2915
2704
1894
1930
3702
2170
3087
2393
2194
2625
2242
2329
2721
2519
2971
2341
2354
1988
1955
1728
2182
2366
1986
2685
2147
1848
2342
1938
2457
1991
3029
2716
1881
2359
1805
2259
2932
3777
1793
2067
2841
1748
3249
2162
2940
1629
2893
2384
2663
1977
3161
2112
2892
1723
2539
3027
2433
2861
3037
2392
2444
3554
1822
3690
3018
2686
1876
2479
2490
1893
2175
2712
2711
1945
2191
2326
1648
3268
1792
2441
2710
2287
2683
2540
2931
2649
2309
2355
2225
2197
2829
2247
2057
2563
1855
2967
2204
2678
2706
2666
1960
3171
2146
2323
2729
2437
3599
2138
2419
2946
2129
2611
1908
5554
1558
3161
1875
2110
2977
2280
3028
2009
2608
1692
2596
2374
2084
2087
2368
2486
1943
1656
2423
2889
2658
1614
2202
2299
1813
1742
2396
2588
2207
2579
2165
2453
3355
2716
2118
2362
1931
3076
2172
2164
2288
2718
1943
2731
1665
1981
1893
2795
2356
2397
1845
2476
2630
1947
2937
2692
2716
2214
2647
2416
2274
2534
2132
2001
2767
2021
1773
1613
2392
2541
2760
2332
7447
2872
2837
3154
2014
2535
2809
2458
2562
1951
2409
3543
2270
2783
2499
2820
2118
2251
1575
2383
2131
1811
2582
3201
3095
3185
2602
2812
1771
2628
2607
3526
2081
2373
2034
2518
1676
2248
3082
1850
2716
1630
2249
2385
1924
2766
2029
1992
2652
3115
2184
3320
2105
1884
3044
2226
2136
3029
3025
2752
2477
2519
2890
3299
1983
4091
1763
2532
1698
2558
1879
2695
2168
3901
1994
3158
2084
2738
2314
2571
2514
2045
2331
1773
2771
2655
1961
3076
1873
2410
1916
3943
1884
2432
2863
2056
2302
2340
3239
2258
2813
3854
1908
2250
2011
3326
2286
2365
1877
1566
2322
1930
1765
2387
2833
1942
2780
1778
1941
1983
2520
2597
2335
4075
2320
2495
2637
3059
2421
2157
2367
2051
2240
1922
2602
2121
2027
3404
2895
3807
2083
2359
2969
1917
1955
1654
3647
2654
2412
3168
1772
2150
3264
1989
2258
2816
3431
2265
1892
1897
2971
2769
3509
2503
2335
2271
1978
3082
2455
2115
2758
1931
4612
2269
2481
2589
1966
2256
2954
2165
2746
2148
2120
3264
2232
2171
2911
2802
3408
2354
2920
2192
1746
2187
1960
2241
2624
1777
2060
2172
2819
2095
1963
2046
2309
1798
2777
1891
2146
2385
3088
3036
2535
2024
1684
2242
1632
2398
2092
2412
2347
1919
2250
2664
1711
2373
2421
1963
1954
2227
1785
2714
1921
2424
1946
2109
3189
2647
1831
2441
2085
3080
2205
2588
1860
1858
1841
3654
2772
3081
2410
3325
2214
3063
1821
1617
2114
2074
2281
2083
2282
1916
2468
2255
2720
1794
1796
2425
2030
2179
1839
1982
4545
2785
2876
2548
2354
1646
2155
1821
5093
2033
1626
1741
2023
2631
1783
3084
3306
1554
1765
2689
1887
2112
2873
2533
3566
3095
2165
2438
1950
2310
2256
1854
2278
2135
2706
1664
1871
2091
1550
2335
2298
1660
1758
2692
1996
2366
2941
2580
2238
2237
2465
2288
2667
3304
2553
1890
2849
2616
2944
2438
1971
1607
2280
2080
2425
2263
2414
1891
2282
2105
2235
1930
3051
2159
2435
2513
2330
1980
2703
2661
2384
2454
1922
1916
1939
2059
2226
2220
2056
2486
3449
1660
2733
1679
2010
2287
2222
1649
1648
1944
1936
1769
2542
2307
2636
2047
1818
2303
2162
1865
2039
2151
1973
2544
2052
1634
3159
2303
2492
1929
2027
2410
2460
2095
2407
2400
2170
1964
1889
2234
2269
1904
2619
2248
2607
2941
