321
249
424
234
356
360
255
374
302
894
337
220
262
233
603
346
274
303
299
366
667
260
494
267
756
360
254
516
479
435
953
260
693
612
340
359
559
355
542
639
727
246
236
539
604
386
287
260
507
863
426
426
292
425
1049
626
276
566
644
888
403
272
481
328
645
429
493
630
612
959
1056
271
465
301
671
362
263
279
246
613
397
345
343
278
719
487
352
250
260
670
345
276
247
484
899
363
488
278
287
360
346
280
267
298
378
718
291
445
477
869
970
286
459
265
526
342
325
347
374
356
340
243
251
383
354
879
484
482
457
1139
345
235
263
374
870
369
273
245
468
631
371
292
278
284
615
322
420
298
383
586
358
264
252
274
758
343
265
428
495
982
334
275
325
494
568
343
271
245
254
351
680
260
244
510
692
338
245
364
404
968
436
297
270
230
469
447
431
251
306
366
398
356
291
325
658
345
244
233
279
745
358
258
395
593
834
376
258
278
752
1080
366
251
253
254
1410
424
278
281
520
809
369
466
497
466
782
504
274
263
468
572
363
262
302
247
640
456
260
276
372
781
673
294
409
318
692
655
291
254
299
427
375
501
360
283
458
887
586
471
588
455
364
500
546
250
656
670
318
638
281
493
336
246
233
266
594
357
547
471
762
1008
744
240
228
243
528
375
433
291
538
751
358
455
469
250
586
353
458
254
548
1245
499
332
420
298
320
335
256
545
304
655
658
291
317
312
856
374
682
247
382
957
359
226
285
261
343
342
252
274
415
330
339
252
255
490
336
391
875
267
487
310
342
563
561
516
379
337
245
276
463
1000
620
459
394
534
781
736
509
414
255
533
336
226
234
219
1074
705
343
605
255
594
359
245
282
247
821
376
495
378
577
603
661
525
432
376
717
334
217
267
249
681
675
279
283
443
1080
365
253
243
264
303
338
260
408
490
618
639
259
259
477
1074
333
277
279
242
1302
378
245
333
258
636
437
284
274
359
596
1059
241
473
263
821
344
268
257
318
826
337
271
496
449
708
518
303
364
296
515
566
258
275
498
752
367
417
290
277
577
650
508
574
293
778
338
247
220
252
586
715
639
515
464
748
355
470
345
297
1061
443
694
585
576
1013
381
269
280
439
472
675
283
230
244
864
365
275
258
491
713
756
562
681
505
1039
353
242
309
303
898
361
256
325
424
998
363
454
363
715
727
678
289
275
332
619
335
273
314
500
529
676
496
254
485
764
525
267
243
270
330
433
320
492
305
1068
393
546
306
523
794
365
258
496
347
652
340
292
257
262
445
667
607
690
581
1032
341
250
350
462
342
925
541
517
558
655
348
270
212
556
686
348
242
460
247
983
346
274
254
304
436
792
248
482
525
685
333
411
478
245
815
379
250
251
329
392
593
330
258
248
343
379
477
342
452
389
379
471
279
291
791
370
258
267
313
1427
