2100
1713
2645
2631
2483
3015
2641
2243
2156
1614
2690
1559
2333
2546
2634
2553
2738
1649
2216
1780
2791
2297
2241
2549
2004
2747
2523
2330
1572
2358
2015
2445
2205
2221
2520
1666
2483
1898
3356
1953
2200
2440
2241
1776
2393
2196
3054
1957
1912
1922
1622
1638
2605
2270
3132
1677
2965
1657
2084
2213
2138
2318
2592
3176
2661
3361
2930
2188
2304
2107
2273
2516
2086
2646
2051
1917
3079
2194
3188
2401
2184
2417
2263
2220
2495
5334
1945
2660
2006
2284
3095
2222
2415
2983
2531
2899
2409
2310
1741
2025
2443
1956
1894
2684
2220
1686
2540
2245
2152
2871
2446
4126
2331
2144
2624
2896
2596
3469
3043
2370
1899
1875
2708
1938
2625
2677
1766
1937
1955
1884
2046
3246
1914
1804
1992
1923
1946
2227
2297
1893
2277
2509
1669
2385
2370
2505
2215
2594
2927
1900
2866
3410
3115
1989
2581
2233
2134
3078
2150
2013
2147
2255
2907
2315
4328
2862
3690
2637
1925
2158
2066
2044
1661
2095
1947
2223
2452
2697
1921
1910
2151
2669
2205
1871
1989
1735
3774
3269
2658
3030
2718
2324
2981
1744
3026
2077
2114
2206
1921
2868
1849
3494
1686
2121
2152
2367
3123
2060
2249
2136
2257
2535
1901
1777
1738
2083
2323
2323
2695
2838
2406
2806
2013
2704
3227
2731
2241
2437
1924
3447
3329
1858
2285
2645
2282
2392
2877
3391
3397
2518
2626
2315
4024
1911
3290
3177
2961
2026
2711
2399
2166
2039
2447
2187
3358
2032
1653
2623
2055
2250
2179
1786
2876
2988
2614
1672
2226
2235
1940
1726
1757
2940
3983
1583
2338
1689
3046
3005
2142
2627
2763
1761
2863
2511
2292
2542
1877
1879
1734
2648
2374
2986
3707
2277
3413
1922
3980
2081
1627
2560
2228
2411
2654
2833
1677
2004
2230
1707
2650
5601
3541
3477
3461
2595
1821
2188
1607
1905
2503
2162
2305
2087
4181
2349
2168
1945
2185
2097
2767
3223
3093
2011
2661
2206
2522
2009
2426
2140
2572
3003
3171
1922
2465
3400
2387
3212
1776
1607
1708
1940
1994
2475
3543
1589
2721
2266
1585
2076
2405
2625
2691
3115
2275
2690
1984
1729
1730
3135
1673
1691
3083
2016
2006
2539
1947
1985
3138
2385
2534
2231
2889
1835
2039
2506
2814
2021
1959
2072
2708
2168
2223
2377
3138
1921
3310
1813
1629
2598
2037
3083
2209
2431
1916
2950
2697
1887
2026
2917
1635
2262
2714
2514
1836
2059
3291
1926
2203
2270
2737
3195
1960
1874
1928
2521
2371
1722
2151
2711
3479
2630
3303
1690
2126
2277
1974
2239
2551
2602
1594
2799
1676
2072
4541
1617
1656
1700
2967
1920
1784
2038
2251
1949
2339
2556
2190
1952
1593
2717
2166
2941
1944
3124
2018
2224
2320
1846
2090
1896
2512
2301
1946
2665
2106
1943
2168
3045
1574
2669
2342
1842
2972
2233
2216
2835
2458
2427
1593
2232
2750
2358
1822
2170
2299
2193
2667
1763
2355
2119
2125
2205
2483
1961
3211
3128
2373
1825
4149
1936
1948
2908
1924
1960
3279
1891
4103
1722
3070
3014
2456
2564
1989
1988
2934
2057
2446
2055
4036
2538
4346
2633
2304
1563
1730
1901
2418
2322
2476
2903
2401
2608
4111
3069
2160
1824
1917
2620
1761
1990
1962
2083
2720
2766
2897
2687
2692
1703
2144
2935
2356
3384
2946
1677
2095
2030
2616
1667
2174
1973
1738
3227
2545
3884
2361
2588
2125
1684
2205
1956
1957
2583
2305
2948
2259
2206
1959
2205
2957
1694
2336
2944
2251
1659
2459
2506
1909
2353
2176
2459
2023
2162
2017
3870
2212
2631
2346
1984
1931
2572
2677
2314
1940
1915
2162
2853
2232
2459
2311
2122
2108
2197
2275
2824
2062
1925
1960
1702
1742
1606
1715
1950
1858
2367
2411
2688
