0 0
0 0
0 0
0 0
82 91
189 190
300 302
407 407
512 524
615 650
733 761
858 876
976 997
1094 1125
1226 1242
1368 1355
1490 1485
1618 1611
1769 1740
1934 1864
2045 2006
2174 2138
2312 2278
2370 2326
2410 2366
2449 2406
2489 2445
2528 2485
2568 2524
2608 2564
2648 2604
2688 2645
2728 2685
2769 2726
2809 2766
2851 2808
2892 2849
2933 2891
2975 2932
3016 2974
3058 3015
3100 3057
3141 3099
3183 3141
3225 3183
3267 3225
3310 3267
3352 3310
3395 3353
3438 3396
3481 3440
3525 3484
3569 3527
3613 3571
3642 3615
3656 3659
3667 3703
3670 3747
3697 3791
3741 3826
3785 3826
3829 3826
3874 3826
3920 3826
3966 3826
4011 3826
4055 3826
4101 3826
4146 3826
4191 3826
4237 3826
4282 3826
4328 3826
4374 3826
4420 3826
4466 3826
4513 3826
4560 3826
4606 3826
4652 3826
4698 3826
4745 3826
4791 3826
4838 3826
4885 3826
4931 3826
4978 3826
5025 3826
5072 3826
5121 3826
5171 3826
5218 3826
5265 3826
5312 3826
