329
246
227
259
687
334
243
254
355
963
326
225
300
325
615
1115
228
259
346
680
333
473
693
431
1116
478
261
345
636
489
1114
369
262
261
618
389
300
243
258
335
620
189
198
514
695
403
289
249
523
695
432
322
672
473
540
789
313
306
278
493
335
293
263
277
615
510
272
261
320
649
444
432
280
462
437
348
259
256
253
705
359
368
498
408
539
423
535
286
292
397
330
272
326
279
742
356
250
244
469
456
387
241
417
369
533
376
253
299
1341
562
726
229
212
256
819
656
251
248
321
512
604
252
281
308
609
354
246
257
271
388
331
320
484
272
332
461
252
249
359
730
1047
245
306
303
478
349
246
244
530
518
661
480
418
502
936
332
255
277
294
1178
515
265
617
273
483
311
205
239
215
337
326
570
244
264
550
326
240
222
229
1143
514
364
257
357
569
366
248
284
284
693
338
329
374
525
722
331
245
265
451
644
353
241
231
229
967
338
258
475
476
316
484
264
277
249
342
641
261
278
509
483
325
230
229
616
810
396
245
277
510
438
413
273
255
290
652
352
236
245
313
950
356
308
260
244
716
765
256
253
244
403
449
269
369
338
494
864
805
277
254
421
463
243
247
328
859
331
243
275
374
821
521
271
363
294
1198
398
305
320
380
530
332
240
280
267
606
630
259
243
276
359
598
430
319
523
604
330
279
261
764
369
473
281
287
265
538
410
243
265
283
1112
334
258
319
345
416
359
278
281
452
582
337
246
1005
625
882
349
267
320
509
306
348
339
308
305
406
380
264
271
437
1219
355
236
243
529
868
338
230
251
273
620
351
366
227
248
584
794
641
296
247
776
331
243
398
273
479
355
269
452
274
586
654
305
362
510
411
336
261
271
244
699
666
305
327
458
714
682
248
208
572
318
381
262
364
906
573
355
293
378
257
385
339
467
477
281
452
395
609
910
301
597
336
229
245
277
747
393
290
442
550
1005
351
261
331
329
916
346
442
287
316
1094
1153
465
262
487
787
1105
243
261
283
694
356
231
228
330
1467
334
257
250
270
463
394
358
286
484
316
368
248
232
510
382
315
267
256
299
489
346
270
292
248
372
371
304
289
469
1193
672
517
291
542
1022
332
310
481
918
294
334
235
263
240
376
330
259
340
262
393
331
228
236
250
1484
366
332
264
546
475
746
242
274
397
459
338
248
275
447
648
392
243
259
261
756
339
260
282
290
350
431
252
226
236
783
629
313
946
248
613
410
245
244
243
763
420
253
234
364
667
333
241
258
266
381
349
247
383
391
413
333
241
329
481
504
336
239
274
262
619
300
228
375
263
913
682
263
250
388
368
432
310
252
370
1031
312
253
361
432
929
328
247
248
280
391
357
271
246
493
546
621
236
471
486
914
335
269
319
296
345
347
262
245
251
380
333
240
280
250
743
338
299
362
283
582
791
853
446
301
413
446
246
277
532
825
346
277
246
244
947
332
272
244
256
861
702
256
261
1051
671
353
909
202
416
875
628
274
260
380
670
402
243
263
875
681
359
475
243
339
399
320
236
244
292
352
344
256
267
395
413
783
242
248
245
622
346
243
248
269
609
715
245
481
457
365
354
242
248
254
417
346
257
287
243
385
344
245
267
273
866
384
469
244
311
587
334
245
483
267
401
476
255
489
376
443
857
279
254
295
838
448
565
443
411
744
332
258
526
488
439
348
272
246
337
511
447
257
272
249
955
338
228
262
265
399
1020
243
257
268
654
345
249
266
253
852
331
327
289
244
330
371
303
282
347
463
451
444
275
251
775
516
365
478
235
375
353
902
431
368
3641
522
348
463
546
458
331
310
244
308
678
337
518
445
396
523
375
323
283
275
365
338
306
261
245
790
367
300
293
306
647
386
246
247
248
337
394
344
249
216
557
660
400
411
397
609
373
252
357
360
818
338
256
309
349
359
330
253
469
265
437
336
257
295
257
796
405
500
278
485
410
357
256
245
277
439
659
298
334
246
307
663
587
253
331
828
639
263
719
248
444
385
340
257
478
359
351
276
481
312
367
362
436
560
607
750
353
308
242
455
369
338
259
244
307
665
312
226
234
379
430
389
247
494
269
399
384
325
388
847
384
366
285
295
321
615
342
254
259
249
375
677
252
261
298
657
362
213
232
252
975
338
230
331
290
662
334
241
255
510
352
376
310
334
300
590
386
522
570
446
569
347
290
260
277
370
673
458
249
252
426
340
521
264
358
778
350
254
312
304
1087
343
443
459
1125
376
562
275
254
223
1089
394
251
243
255
378
370
476
243
309
845
335
254
319
239
314
338
245
248
250
389
698
259
470
541
555
365
261
256
460
639
658
240
242
269
315
471
300
273
324
298
713
272
515
244
493
349
244
246
583
899
334
225
283
254
834
